Modelo;300;1030;203;310;6.5;Arial;1;0;0;0;
Conjunto;300;1030;242;380;6.5;Arial;1;0;0;0;
Volts;300;1030;285;450;6.5;Arial;1;0;0;0;
Hz;300;1030;329;515;6.5;Arial;1;0;0;0;
Potencia Maxima ;300;1030;373;585;6.5;Arial;1;0;0;0;
Corriente Maxima ;300;1030;416;665;6.5;Arial;1;0;0;0;
R-22(kg);300;1030;457;735;6.5;Arial;1;0;0;0;
Presion;300;1030;503;820;6.5;Arial;1;0;0;0;
Cap Frio;420;1180;658;1045;6.5;Arial;1;0;0;0;
Cap Calor;420;1180;688;1100;6.5;Arial;1;0;0;0;
Pot Frio;420;1180;746;1255;6.5;Arial;1;0;0;0;
Pot Calor;420;1180;775;1310;6.5;Arial;1;0;0;0;
Corr Frio;420;1180;830;1475;6.5;Arial;1;0;0;0;
Corr Calor;420;1180;862;1530;6.5;Arial;1;0;0;0;
Peso;420;1180;920;1660;6.5;Arial;1;0;0;0;
Grado Proteccion;420;1180;955;1725;6;Arial;1;0;0;0;
Nro Serie;280;1030;577;910;6;Arial;1;0;0;0;
AAE;310;1030;1262;910;7;Arial;1;0;0;0;